434001079 26.0
434000839 30.75
434000871 30.69
434001203 27.38
434001304 26.31
434001393 25.25
434001477 24.38
434001653 21.81
434001734 20.75
434001799 19.81
434001832 19.25
434001859 18.75
434001910 17.94
434001926 17.75
434001918 17.62
434001921 17.56
434002028 16.62
434002110 15.31
434002174 13.94
434002251 11.88
434002298 9.94
434002324 8.5
434002335 7.62
434002342 6.69
434002344 5.94
434002335 5.0
434002314 4.19
434002298 3.44
434002279 2.94
434002258 2.19
434002242 1.75
434002194 0.81
434002165 0.19
434002157 0.0
434002141 -0.31
434002110 -0.75
434002076 -1.38
434002051 -1.75
434002028 -2.0
434001996 -2.44
434001981 -2.69
434001969 -2.88
434001953 -3.06
434001937 -3.31
434001915 -3.5
434001904 -3.69
434001902 -3.81
434001877 -4.0
434001876 -4.19
434001866 -4.38
434001850 -4.38
434001854 -4.5
434001838 -4.56
434001842 -4.69
434001834 -4.81
434001831 -4.88
434001829 -5.0
434001829 -5.06
434001821 -5.06
434001812 -5.19
434001805 -5.31
434001802 -5.38
434001800 -5.44
434001735 -5.9
434001785 -5.5
434001947 -2.38
434002009 -1.56
434002070 -0.19
434002100 0.5
434002141 1.25
434002182 2.38
434002209 3.31
434002218 3.62
434002242 4.88
434002238 5.69
434002233 6.81
434002208 8.5
434002187 9.25
434002177 9.81
434002151 10.69
434002108 11.69
434002047 13.06
434002008 13.94
434001947 15.5
434001890 16.62
434001853 17.44
434001799 18.19
434001745 18.94
434001702 19.62
434001679 20.19
434001647 20.56
434001512 22.25
434001451 23.0
434001420 23.38
434001372 23.94
434001338 24.38
434001239 25.62
434001069 26.94
434001058 27.12
